40
1 2 5 17 16 15 16 15 16 15 16 17 16 15 1 2 19 2 5 26 5 2 18 3 18 2 19 2 1 15 16 17 5 6 30 11 43 42 10 42 
10 40 9 41 14 44 13 36 35 34 35 34 35 36 13 44 14 41 9 40 10 40 9 29 4 24 25 26 25 26 5 2 1 2 5 6 31 6 5 26 
5 2 18 3 21 22 23 4 27 28 7 37 7 37 8 37 7 28 27 28 7 38 39 9 41 14 44 13 12 13 36 35 36 35 34 6 5 2 18 3 
14 44 13 36 35 34 35 36 13 12 13 36 35 34 6 30 11 30 6 5 26 25 24 4 23 22 23 22 23 4 27 28 7 37 8 37 7 38 39 9 

40
1 2 5 26 5 2 1 2 5 6 34 35 36 13 44 14 41 9 29 4 27 28 7 38 7 38 39 9 29 4 23 22 23 22 21 3 18 2 5 6 
10 40 9 39 9 29 4 23 22 21 3 18 2 5 17 5 6 5 2 18 3 18 2 18 2 5 26 5 6 30 11 
5 6 34 6 30 11 43 11 30 6 30 6 34 35 36 13 12 33 32 31 6 34 35 34 35 34 35 34 6 5 26 5 17 5 17 16 15 1 2 1 
14 44 14 41 9 40 10 42 10 40 9 29 4 20 4 20 19 20 19 2 1 15 16 15 1 15 16 17 5 6 31 32 33 32 31 6 30 6 31 32 

40
1 2 5 26 5 2 1 2 5 6 34 35 36 13 44 14 41 9 29 4 27 28 7 38 7 38 39 9 29 4 23 22 23 22 21 3 18 2 5 6 
10 40 9 39 9 29 4 23 22 21 3 18 2 5 17 5 6 5 2 18 3 18 2 18 2 5 26 5 6 30 11 
5 6 34 6 30 11 43 11 30 6 30 6 34 35 36 13 12 33 32 31 6 34 35 34 35 34 35 34 6 5 26 5 17 5 17 16 15 1 2 1 
14 44 14 41 9 40 10 42 10 40 9 29 4 20 4 20 19 20 19 2 1 15 16 15 1 15 16 17 5 6 31 32 33 32 31 6 30 6 31 32 

90
1 31 2 4 45 46 12 14 15 55 15 50 15 55 56 55 15 66 67 23 69 24 70 70 24 69 23 67 66 67 23 65 21 65 23 69 24 68 22 64 22 64 63 10 62 21 62 10 20 60 59 19 58 57 18 56 55 15 14 15 50 49 12 47 48 47 12 46 45 4 39 6 38 2 4 35 34 
15 14 12 47 48 47 12 46 45 4 35 34 35 34 35 4 39 6 10 62 21 65 23 69 24 68 24 70 71 25 74 75 27 77 76 28 84 6 7 5 37 36 2 4 39 6 41 9 43 44 10 63 10 6 7 6 84 28 76 28 84 6 7 5 37 36 2 38 6 84 28 76 77 27 75 27 77 27 78 29 81 30 80 79 27 79 27 75 74 75 
25 74 75 27 79 27 75 27 79 80 30 80 79 80 79 80 79 27 79 80 79 27 78 29 81 29 78 27 78 29 81 30 80 79 27 75 74 25 71 25 74 25 72 25 71 70 71 25 72 25 74 75 27 78 29 81 30 80 79 27 75 74 25 71 25 71 70 24 70 24 69 24 70 24 68 22 64 22 64 22 64 63 64 63 10 6 39 4 45 46 
50 49 12 46 45 4 2 31 2 38 6 10 20 60 59 60 59 60 59 19 58 19 59 60 20 10 6 84 28 76 28 84 6 7 6 39 4 35 4 2 38 6 10 62 61 10 63 64 63 10 6 38 2 4 35 34 3 33 32 1 31 2 38 6 84 28 84 6 7 5 37 36 2 36 37 5 7 6 38 2 36 
70 24 68 22 64 63 10 6 38 2 4 35 34 3 34 3 33 32 1 31 2 4 45 46 12 49 12 47 48 47 12 14 15 50 15 55 15 55 56 18 56 18 57 58 19 59 60 20 10 62 21 65 23 67 66 15 14 15 50 15 55 55 15 66 67 23 65 23 69 24 70 24 68 22 64 63 10 20 60 59 19 
80 79 27 77 76 28 84 6 7 6 10 61 10 6 38 2 36 37 36 2 38 6 41 9 43 44 10 63 64 63 10 20 10 61 10 6 39 4 35 34 3 33 32 1 31 2 4 45 46 12 49 12 47 48 47 12 46 45 4 39 4 35 34 35 4 2 38 6 41 9 43 44 10 44 10 61 10 20 10 62 10 62 21 65 23 69 24 70 71 70 

90
1 31 2 36 37 5 7 6 38 2 31 1 32 33 3 3 34 35 4 39 6 38 6 10 44 10 6 7 6 41 6 7 5 37 36 2 31 1 32 33 3 34 35 4 39 6 39 6 41 6 7 5 37 36 2 31 1 32 33 3 34 35 4 2 38 6 10 63 64 22 64 63 10 6 41 6 40 
15 66 67 23 65 21 62 10 20 10 6 84 28 83 82 8 40 6 10 62 21 65 23 65 23 67 66 15 50 49 12 47 48 47 12 49 12 14 15 50 15 66 15 55 56 18 57 58 19 59 60 20 10 61 17 54 53 16 52 51 52 51 12 46 45 4 39 6 84 6 39 4 45 46 12 49 12 14 15 50 15 14 12 46 45 4 39 6 10 63 
25 74 75 27 79 80 30 81 29 78 27 75 74 25 72 73 72 73 26 73 72 25 74 75 27 78 29 81 29 78 27 75 74 25 72 73 26 73 72 25 74 75 27 78 29 81 30 81 29 78 27 75 74 25 72 73 26 73 72 25 74 75 27 78 29 78 29 81 29 78 27 75 74 25 72 73 26 73 26 73 72 25 74 75 27 78 29 81 30 81 
50 49 50 15 55 56 18 57 58 19 58 57 18 56 55 15 66 15 14 12 49 50 15 55 56 18 57 58 19 59 60 20 10 44 43 9 42 11 11 42 9 43 44 10 62 21 65 23 65 21 62 10 6 41 6 38 6 84 28 83 82 8 40 6 39 6 7 5 7 6 10 44 43 9 42 11 42 
70 24 68 22 64 63 6 41 9 42 11 42 9 41 6 7 5 37 36 2 31 1 32 33 3 34 35 4 2 38 6 10 63 64 22 64 63 10 6 84 28 76 28 83 82 8 40 8 40 6 10 63 64 22 64 63 10 6 41 9 42 11 42 9 43 44 10 62 21 65 23 67 66 15 55 56 18 57 58 19 58 
80 79 27 77 76 28 84 6 38 2 4 35 4 2 38 6 10 44 43 44 10 63 64 22 64 63 10 20 10 6 84 28 83 82 8 40 6 10 62 21 65 23 65 21 62 10 6 40 6 38 2 4 45 46 12 49 12 14 15 50 15 66 15 55 56 18 57 58 19 59 60 20 10 61 17 54 53 16 52 51 12 46 45 4 2 31 1 31 1 32 

40
1 2 18 3 21 22 23 4 29 9 40 10 42 43 11 43 42 10 40 9 41 14 44 13 44 13 36 35 36 35 34 6 34 6 34 6 5 6 31 6 
10 42 43 11 43 11 30 11 30 11 43 42 43 11 43 11 30 6 34 35 36 13 44 14 41 9 40 10 42 43 42 43 42 10 40 10 40 9 41 14 
5 6 30 11 43 42 10 42 43 42 43 11 30 11 30 11 43 42 10 40 9 29 4 24 25 24 25 26 25 26 26 
14 44 13 36 35 34 6 30 11 30 6 34 6 31 6 5 17 16 17 16 17 5 2 5 6 5 26 25 24 4 20 19 2 5 2 5 26 25 24 4 
30 6 5 2 18 3 18 3 18 2 1 15 1 2 19 20 4 27 4 20 19 2 1 15 1 15 1 15 1 2 18 3 18 2 5 17 16 17 16 17 

40
1 2 5 26 5 2 1 2 5 6 34 35 36 13 44 14 41 9 29 4 27 28 7 38 7 38 39 9 29 4 23 22 23 22 21 3 18 2 5 6 
10 40 9 39 9 29 4 23 22 21 3 18 2 5 17 5 6 5 2 18 3 18 2 18 2 5 26 5 6 30 11 
5 6 34 6 30 11 43 11 30 6 30 6 34 35 36 13 12 33 32 31 6 34 35 34 35 34 35 34 6 5 26 5 17 5 17 16 15 1 2 1 
14 44 14 41 9 40 10 42 10 40 9 29 4 20 4 20 19 20 19 2 1 15 16 15 1 15 16 17 5 6 31 32 33 32 31 6 30 6 31 32 

40
1 15 16 17 5 17 16 17 16 17 16 17 5 6 34 35 34 35 36 13 12 33 32 31 6 5 2 18 2 1 2 18 3 21 22 23 4 27 28 27 
10 42 43 11 30 6 5 2 18 3 21 22 21 22 23 4 29 9 39 38 39 9 41 14 44 13 44 14 41 9 29 4 27 28 27 4 20 19 2 1 
5 2 19 20 4 23 22 21 3 18 3 21 22 23 4 20 19 2 1 2 5 26 5 17 16 15 1 2 19 2 18 2 5 6 34 35 36 13 44 14 
14 41 9 39 38 7 37 7 28 7 37 8 37 8 37 8 37 8 37 7 38 39 9 40 10 42 43 11 30 11 43 11 30 11 43 42 10 40 9 41 

40
1 15 16 17 5 17 16 17 16 17 16 17 5 6 34 35 34 35 36 13 12 33 32 31 6 5 2 18 2 1 2 18 3 21 22 23 4 27 28 27 
10 42 43 11 30 6 5 2 18 3 21 22 21 22 23 4 29 9 39 38 39 9 41 14 44 13 44 14 41 9 29 4 27 28 27 4 20 19 2 1 
5 2 19 20 4 23 22 21 3 18 3 21 22 23 4 20 19 2 1 2 5 26 5 17 16 15 1 2 19 2 18 2 5 6 34 35 36 13 44 14 
14 41 9 39 38 7 37 7 28 7 37 8 37 8 37 8 37 8 37 7 38 39 9 40 10 42 43 11 30 11 43 11 30 11 43 42 10 40 9 41 

40
1 2 5 26 5 2 1 2 5 6 34 35 36 13 44 14 41 9 29 4 27 28 7 38 7 38 39 9 29 4 23 22 23 22 21 3 18 2 5 6 
10 40 9 39 9 29 4 23 22 21 3 18 2 5 17 5 6 5 2 18 3 18 2 18 2 5 26 5 6 30 11 
5 6 34 6 30 11 43 11 30 6 30 6 34 35 36 13 12 33 32 31 6 34 35 34 35 34 35 34 6 5 26 5 17 5 17 16 15 1 2 1 
14 44 14 41 9 40 10 42 10 40 9 29 4 20 4 20 19 20 19 2 1 15 16 15 1 15 16 17 5 6 31 32 33 32 31 6 30 6 31 32 

40
1 2 5 6 31 6 5 2 19 20 4 23 22 21 3 18 2 5 26 25 24 4 24 4 29 9 39 9 29 4 20 19 2 5 6 31 6 5 2 1 
10 40 10 40 9 39 38 7 28 27 28 27 4 23 4 24 4 20 19 2 5 6 31 32 31 32 33 12 13 44 13 44 14 41 9 39 38 39 9 29 
5 6 34 35 36 13 44 14 41 9 29 9 40 10 42 10 42 10 40 9 29 4 24 25 26 5 6 34 35 34 6 5 26 25 24 4 27 28 27 28 
14 41 14 44 13 12 33 32 33 32 33 32 31 6 5 2 1 2 18 2 19 20 4 23 22 21 3 18 2 19 2 5 2 18 3 21 3 21 3 18 

40
1 2 5 6 31 6 5 2 19 20 4 23 22 21 3 18 2 5 26 25 24 4 24 4 29 9 39 9 29 4 20 19 2 5 6 31 6 5 2 1 
10 40 10 40 9 39 38 7 28 27 28 27 4 23 4 24 4 20 19 2 5 6 31 32 31 32 33 12 13 44 13 44 14 41 9 39 38 39 9 29 
5 6 34 35 36 13 44 14 41 9 29 9 40 10 42 10 42 10 40 9 29 4 24 25 26 5 6 34 35 34 6 5 26 25 24 4 27 28 27 28 
14 41 14 44 13 12 33 32 33 32 33 32 31 6 5 2 1 2 18 2 19 20 4 23 22 21 3 18 2 19 2 5 2 18 3 21 3 21 3 18 

40
1 2 19 20 19 2 5 6 34 35 36 35 34 6 30 11 43 42 10 40 10 42 43 11 30 6 30 11 43 11 42 
10 40 9 29 4 23 22 21 3 18 2 5 6 31 32 33 32 31 32 31 6 34 6 5 2 18 3 18 2 19 2 5 6 34 35 36 13 44 14 44 
5 17 16 17 5 26 25 24 4 23 4 27 28 7 38 7 38 39 9 41 14 44 13 36 35 34 6 5 26 25 26 5 6 34 35 34 6 5 26 25 
14 41 9 29 9 29 4 23 22 21 3 18 2 19 20 4 23 22 21 3 18 2 19 20 4 29 9 40 10 42 11 
30 6 5 2 18 2 18 3 21 22 21 22 21 22 23 22 21 3 18 2 19 20 4 20 19 2 1 2 19 20 4 29 9 41 14 41 9 40 10 42 

